4.350428154740750870e+03
2.163137847453952745e+01
1.334143189497354065e+01
6.468756070479859233e+00
1.021634322662986261e+00
1.825342081755315371e-01
1.396118098406170960e+00
1.526089995575084179e+00
1.552437641420365111e+00
4.808215291152788118e-01
4.542284485554070605e-01
6.675604433949690053e-01
1.311303399079240428e+00
1.488111085735884798e+00
2.102444221693386961e+00
4.942105398788527282e+00
1.978041457475892662e+00
1.533784151629731474e+00
1.707578550922875582e+00
2.467948910684686581e+00
3.511659383723450212e+00
5.825727411056047522e+00
7.167583975462637369e+00
8.112631874192807402e+00
1.018258041625802157e+01
1.124825528309831668e+01
1.620855475821329605e+01
1.468260976091027992e+01
1.560083567442512198e+01
1.442069544921847779e+01
1.950567452750040331e+01
2.781500201814933959e+01
3.828921634792757089e+01
3.810727104135189336e+01
2.340362136846673380e+01
3.068159738172854745e+01
1.140755562147496391e+02
9.763919169547874333e+01
4.326440122237184482e+01
4.292300522729776446e+01
3.294737757270097234e+01
5.022039566231767793e+01
5.914403470322731238e+01
8.389687668771311735e+01
1.108004683847844092e+02
1.388409711172452035e+02
2.084883495005929888e+02
2.219254577574722020e+02
1.801415362214453353e+02
1.655887648838694588e+02
1.562205023391194345e+02
1.681027545048531238e+02
1.639725529655168543e+02
1.600937421951780664e+02
1.701540286704626226e+02
1.485299610445386804e+02
1.199766096132871240e+02
1.088847541108293058e+02
1.208364395638581783e+02
1.509936757129734417e+02
2.052552013999491294e+02
2.141378973582820890e+02
2.008259011790775048e+02
1.626795040717342431e+02
1.690250513724709833e+02
1.897945622298261981e+02
2.023012824766078666e+02
1.931532507274837087e+02
1.498052543932402045e+02
1.202974067366301654e+02
6.667846623802930139e+01
8.016705213434890709e+01
8.560546979928912492e+01
4.884380397755891323e+01
3.270445125696569022e+01
2.325607717163957133e+01
1.771387572539810407e+01
1.508239460988286673e+01
9.001891185276363672e+00
1.285440274343912392e+01
2.250770147641764041e+01
2.748273915550706192e+01
2.103430561883935113e+01
1.342624446149142869e+01
1.077590315907074192e+01
4.258140000336381092e+01
5.339899347269455632e+01
7.479911632435968727e+01
8.219237123933008604e+01
4.914027788578381717e+01
3.510964907758057052e+01
3.481043627323867895e+01
5.643809191046626239e+01
2.165853489809731869e+01
1.609542091199466896e+01
2.105233909868112008e+01
2.510716299321784106e+01
3.602435748934106385e+01
2.111009828173050096e+01
5.584650572368739319e+01
8.493779702193901926e+01
6.683569845739953053e+01
6.695509376149449565e+01
4.105137572392077772e+01
4.984315593558648061e+01
6.164556376945307647e+01
7.453661680041250293e+01
9.071315530956651685e+01
8.675331587461771221e+01
6.860273689564007782e+01
5.066549625329088968e+01
4.477784352590204975e+01
7.462587176021135349e+01
7.682299592326604909e+01
4.758812120188694195e+01
4.531448887547283988e+01
3.976710175414797988e+01
3.613775628660689421e+01
4.138050225977822549e+01
4.161330283386473639e+01
4.616206861510205073e+01
5.866834422735789900e+01
4.622339868100284122e+01
5.552789723838647262e+01
4.936685132378213581e+01
4.725387946092991598e+01
3.262158919392472001e+01
2.383956739311347661e+01
3.386971091934366740e+01
2.943424283518564266e+01
2.296275286078919464e+01
2.204608485590790323e+01
2.588937158525404314e+01
2.661519969570749211e+01
1.832052968820164907e+01
1.910589229309896453e+01
2.295113861135279620e+01
2.893902318564984810e+01
1.641150302711168152e+01
1.350742582842569384e+01
9.610150432036141055e+00
8.890769261051447714e+00
2.572099008370594930e+01
2.572562387285124430e+01
2.727398716709659254e+01
3.811791726517809309e+01
2.898894167653792664e+01
3.129691011155805924e+01
4.570930036059754542e+01
4.861313738804349072e+01
4.538984087128814338e+01
3.546818228013018626e+01
1.626169172968554122e+01
1.281049255925776365e+01
1.312383268419554305e+01
1.359422909358948317e+01
1.285291489904632556e+01
1.197597675072159085e+01
6.837948013994216367e+00
6.198756224506654533e+00
8.550845307198816414e+00
9.914913954329231061e+00
1.174133962435526790e+01
1.424949570275728838e+01
1.249359481879916700e+01
1.263797011883577781e+01
1.603156028691848789e+01
1.671945920096324656e+01
1.500009462917320135e+01
1.858064687440936780e+01
1.848738181631443922e+01
2.507613605708892024e+01
2.891258850240695821e+01
2.579004142814939726e+01
2.124879584360382623e+01
1.952745454489277321e+01
1.757327140314314207e+01
2.072432808807945648e+01
2.098560613772159655e+01
1.963274326326643404e+01
1.437734123658047025e+01
1.573328123747146989e+01
1.614306265889408110e+01
1.215831560677466250e+01
1.207064682198856964e+01
2.297158896147177742e+01
