5.107661469181818958e-01
1.542774577522499913e+00
2.527971566038371254e+00
3.553524159124703985e+00
4.723689188675836981e+00
5.508879090654152044e+00
6.339605472162140209e+00
7.435043155458915365e+00
8.573602107895872848e+00
9.629738579351686312e+00
1.044415850812849911e+01
1.145990207418560125e+01
1.252808736028188363e+01
1.345314451111657661e+01
1.450216620012217916e+01
1.554665173775104492e+01
1.655039263666514060e+01
1.752481560183538534e+01
1.848602745384314971e+01
1.947637013818989260e+01
2.043079014877530142e+01
2.151734064726217710e+01
2.255255341258795099e+01
2.345521914701207322e+01
2.452813499490955351e+01
2.543854195178087352e+01
2.655151713480051257e+01
2.751195369317142436e+01
2.854302938128634537e+01
2.950487977343505364e+01
3.045151579792394614e+01
3.144757038449003872e+01
3.250288451803783119e+01
3.355396763434152518e+01
3.447643838606935418e+01
3.544386324342463723e+01
3.656859028045969495e+01
3.746039451752079685e+01
3.849053250710856844e+01
3.950709402325834674e+01
4.048042735007036441e+01
4.144023478100944402e+01
4.249178838660285606e+01
4.348496400712185306e+01
4.449094822365418622e+01
4.545140168802903702e+01
4.650178753416182076e+01
4.744717921658933335e+01
4.853255040928320341e+01
4.953077703046567137e+01
5.049265517408930748e+01
5.150908836925759005e+01
5.252033153173923807e+01
5.351193360278213618e+01
5.449141551832205010e+01
5.560757832088466301e+01
5.655920047274527462e+01
5.752174731286999787e+01
5.840392323729889767e+01
5.945401828273955402e+01
6.050412698957244118e+01
6.149265760102759515e+01
6.251392681047899913e+01
6.351619872441288095e+01
6.447349822301714539e+01
6.551695056221994662e+01
6.652958996671931402e+01
6.751359742305730549e+01
6.849678797501020711e+01
6.956169619703764795e+01
7.053752477728004067e+01
7.135746509189486630e+01
7.249246338646690901e+01
7.361360755192362149e+01
7.443393127291683697e+01
7.545697353893444870e+01
7.654959074380039397e+01
7.746830151786178931e+01
7.853119580587869564e+01
7.938581708473903120e+01
8.053889152156727960e+01
8.155444195674283492e+01
8.249366851918385635e+01
8.353653989954224812e+01
8.442021334475161609e+01
8.547924374353600285e+01
8.652477596154921002e+01
8.750830016546467505e+01
8.846482706816152586e+01
8.959481641223267445e+01
9.045146934618843204e+01
9.147599553526760019e+01
9.250962585782485803e+01
9.357169848531175660e+01
9.441834987995396489e+01
9.551408157872282345e+01
9.649590336096544263e+01
9.739785525694669843e+01
9.867505154961956748e+01
9.943650074981502485e+01
1.004351723748107332e+02
1.015519164898473434e+02
1.024709983096347372e+02
1.035787722845926879e+02
1.044939483619803440e+02
1.055038296922790408e+02
1.065047065931702122e+02
1.074389407263430343e+02
1.084827405071475113e+02
1.094659455738871969e+02
1.104848228586852628e+02
1.114910223844937889e+02
1.126879096094262422e+02
1.134561929148821520e+02
1.145852558017897564e+02
1.154399216596006994e+02
1.164483944623197118e+02
1.174524189223627104e+02
1.185076969518218561e+02
1.195397029096041024e+02
1.205338127331158518e+02
1.214867537385829053e+02
1.225177516303740219e+02
1.234670912374675851e+02
1.244526257414596415e+02
1.255399393073610241e+02
1.265038815272211394e+02
1.276301167777344574e+02
1.285607168060390109e+02
1.293844131782211377e+02
1.304948411729717748e+02
1.315247500695504925e+02
1.325636377167508044e+02
1.335328378510512835e+02
1.344706998727634470e+02
1.355000941326564430e+02
1.365205591167469947e+02
1.374233588713658207e+02
1.385512384842080280e+02
1.394999448796706076e+02
1.405138621730332602e+02
1.415545362575592776e+02
1.425387028441776920e+02
1.435619946370091213e+02
1.444883432277006818e+02
1.455711002350873002e+02
1.465278175471369764e+02
1.475313185596059213e+02
1.485347810289428878e+02
1.494703766941411800e+02
1.505461785372810652e+02
1.514851006575332804e+02
1.526340644774396367e+02
1.534067569757217768e+02
1.545516635477466707e+02
1.554855163185182221e+02
1.564822649624391033e+02
1.574788173131333053e+02
1.584653912148923780e+02
1.594537452067843333e+02
1.604813255538265082e+02
1.614663182190069222e+02
1.624651708823202227e+02
1.634353332237616030e+02
1.645313064139049857e+02
1.654982499777034661e+02
1.665340071614297983e+02
1.674735296134122109e+02
1.684586079609331932e+02
1.695047832032254291e+02
1.705154026742775955e+02
1.714468146400218700e+02
1.724910445498309741e+02
1.734962131096956455e+02
1.744882397824533484e+02
1.755269828538438048e+02
1.765025681933847181e+02
1.774897926949564066e+02
1.784899321530451743e+02
1.795223273603793075e+02
1.804653947338669013e+02
1.814705723804182753e+02
1.825761599402042634e+02
1.835014026736546100e+02
1.843293879043446566e+02
1.851390385954377393e+02
